53.0
81.333333333
44.0
77.0
51.0
56.333333333
47.333333333
64.333333333
60.666666667
63.0
80.333333333
56.0
58.333333333
52.666666667
62.666666667
44.333333333
47.666666667
55.0
52.0
48.0
76.0
74.0
55.666666667
48.333333333
62.666666667
47.0
58.666666667
58.333333333
67.333333333
59.0
63.666666667
61.0
74.333333333
55.333333333
35.666666667
46.333333333
75.0
64.666666667
70.0
63.666666667
68.0
48.333333333
67.666666667
73.0
61.333333333
64.333333333
81.666666667
88.333333333
77.0
70.333333333
55.333333333
67.0
59.666666667
79.333333333
55.0
55.0
70.666666667
48.333333333
49.333333333
75.333333333
86.666666667
75.0
31.666666667
69.333333333
58.333333333
60.0
31.0
62.333333333
55.666666667
73.666666667
67.333333333
63.333333333
63.333333333
72.666666667
68.0
58.0
65.333333333
63.0
83.666666667
77.0
79.0
77.666666667
71.333333333
56.333333333
76.666666667
70.0
51.333333333
53.333333333
53.666666667
64.0
62.666666667
56.333333333
57.666666667
74.0
58.0
52.666666667
79.333333333
76.0
55.333333333
37.333333333
71.666666667
79.333333333
68.666666667
75.333333333
47.333333333
40.666666667
83.333333333
45.333333333
54.333333333
39.333333333
58.666666667
88.333333333
77.0
54.0
46.666666667
69.333333333
62.666666667
54.666666667
50.0
36.0
69.333333333
62.333333333
68.333333333
79.0
77.333333333
69.0
51.666666667
64.333333333
56.666666667
53.666666667
57.333333333
86.0
65.0
39.0
77.333333333
65.0
37.0
64.333333333
73.0
68.333333333
54.0
49.0
71.333333333
48.666666667
67.333333333
61.666666667
53.666666667
62.333333333
56.0
58.666666667
60.333333333
59.0
76.666666667
78.333333333
77.333333333
67.0
60.333333333
62.76433121 61.49044586 62.681528662 